SCORE -4.40323849170038e+04
ITER 9000
ETA        2.86367517178404e-01 9.99186540095097e-02 1.21416554418401e-01 2.81865539895443e-01 3.49203192935012e-01 3.98117072246009e-01 3.76884782295735e-01 2.62509278545215e-01
GAMMA      1.00000000000000e+00 1.00000000000000e+00 1.00000000000000e+00 1.00000000000000e+00 1.00000000000000e+00 1.00000000000000e+00 1.00000000000000e+00
GEM_MEAN 8.31360173840119e-01
GEM_SCALE 6.60537046440478e+00
SCALING_SHAPE 1.00000000000000e+00
SCALING_SCALE 5.00000000000000e-01
ID     PARENT NDOCS  NWORDS  SCALE     WD_CNT
0      -1     000626 002218 5.000e-01   1616    155      7    440      0
1      0      000626 001816 5.000e-01      0    768    604    204    240
49     1      000623 001624 5.000e-01      2    610      0    609    403
50     49     000623 001422 5.000e-01    168    129     30    714    381
90     50     000623 001151 5.000e-01    274    205    151    376    145
13724  90     000616 001041 5.000e-01     74    178      5    305    479
15576  13724  000548 000712 5.000e-01    240    246      4    184     38
210021 15576  000545 003751 5.000e-01    659    124   1263    831    874
227583 15576  000001 000001 5.000e-01      1      0      0      0      0
227593 15576  000001 000002 5.000e-01      0      1      0      1      0
227595 15576  000001 000000 5.000e-01      0      0      0      0      0
220155 13724  000068 000063 5.000e-01      1      2     17     40      3
221089 220155 000043 000200 5.000e-01      0     86     89     25      0
226925 220155 000020 000089 5.000e-01     26     43      3     17      0
227542 220155 000003 000015 5.000e-01      7      5      1      2      0
227594 220155 000002 000018 5.000e-01      1      6      3      4      4
227547 90     000005 000007 5.000e-01      2      2      0      3      0
227548 227547 000005 000015 5.000e-01      2      3      5      0      5
227581 227548 000004 000031 5.000e-01     15      2     11      2      1
227598 227548 000001 000022 5.000e-01      9      1      4      1      7
227590 90     000002 000004 5.000e-01      0      2      1      0      1
227591 227590 000001 000001 5.000e-01      0      0      0      1      0
227592 227591 000001 000002 5.000e-01      1      1      0      0      0
227596 227590 000001 000000 5.000e-01      0      0      0      0      0
227597 227596 000001 000001 5.000e-01      0      1      0      0      0
227567 1      000003 000026 5.000e-01      7      2      5      9      3
227568 227567 000003 000003 5.000e-01      0      0      1      0      2
227569 227568 000002 000004 5.000e-01      0      2      0      2      0
227570 227569 000002 000001 5.000e-01      0      1      0      0      0
227571 227570 000002 000003 5.000e-01      0      0      0      3      0
227572 227571 000002 000017 5.000e-01     12      3      2      0      0
227599 227568 000001 000001 5.000e-01      0      0      0      0      1
227600 227599 000001 000000 5.000e-01      0      0      0      0      0
227601 227600 000001 000001 5.000e-01      0      1      0      0      0
227602 227601 000001 000005 5.000e-01      2      1      0      2      0
