SCORE -4.36294429555961e+04
ITER 8000
ETA        1.89351693309599e-01 1.19978968107349e-01 1.42040211475212e-01 1.87317993472931e-01 7.80158085769106e-02 5.49304812448376e-01 2.18876168811157e-01 1.86572791116356e-01
GAMMA      1.00000000000000e+00 1.00000000000000e+00 1.00000000000000e+00 1.00000000000000e+00 1.00000000000000e+00 1.00000000000000e+00 1.00000000000000e+00
GEM_MEAN 8.15817249746138e-01
GEM_SCALE 6.21235226597616e+00
SCALING_SHAPE 1.00000000000000e+00
SCALING_SCALE 5.00000000000000e-01
ID     PARENT NDOCS  NWORDS  SCALE     WD_CNT
0      -1     000626 002684 5.000e-01   1636    357      3    636     52
1      0      000626 001904 5.000e-01     20    695      1    668    520
49     1      000626 001919 5.000e-01    237    228    235    796    423
50     49     000626 001500 5.000e-01      0    104    469    547    380
90     50     000626 001138 5.000e-01    353      0     23    492    270
13724  90     000626 000889 5.000e-01     86    566    101    105     31
15576  13724  000626 000714 5.000e-01    471      0      3     93    147
17276  15576  000593 003298 5.000e-01    187    619   1365    393    734
210597 15576  000011 000070 5.000e-01     37      1      0      2     30
210021 15576  000019 000131 5.000e-01     88      1      3     39      0
211089 15576  000001 000012 5.000e-01      4      1      3      4      0
211085 15576  000002 000008 5.000e-01      0      8      0      0      0
