SCORE -3.88814547696990e+04
ITER 5000
ETA        1.19459589107236e-01 9.23448855958172e-02 1.39847289634655e-01 1.23170359756341e-01 1.77777372637659e-01 3.27297078424688e-01 2.13892254235283e-01 7.30431933954250e-02
GAMMA      1.00000000000000e+00 1.00000000000000e+00 1.00000000000000e+00 1.00000000000000e+00 1.00000000000000e+00 1.00000000000000e+00 1.00000000000000e+00
GEM_MEAN 8.97555007765216e-01
GEM_SCALE 7.85984327697345e+00
SCALING_SHAPE 1.00000000000000e+00
SCALING_SCALE 5.00000000000000e-01
ID     PARENT NDOCS  NWORDS  SCALE     WD_CNT
0      -1     000626 001422 5.000e-01    890    168      0    364      0
1      0      000626 001452 5.000e-01    527     75      0    567    283
49     1      000626 001156 5.000e-01     54    374      4    414    310
50     49     000626 001120 5.000e-01    662      0      0    373     85
90     50     000626 000886 5.000e-01    703     14     17    109     43
13724  90     000624 000775 5.000e-01      2    744      5     23      1
15576  13724  000624 000698 5.000e-01    139     10    538      9      2
17276  15576  000624 006714 5.000e-01    109   1195   1637   1910   1863
155928 90     000002 000001 5.000e-01      0      0      0      1      0
155929 155928 000002 000009 5.000e-01      4      0      5      0      0
155930 155929 000002 000034 5.000e-01     29      0      0      5      0
