SCORE -4.35779225832190e+04
ITER 4000
ETA        1.14064386604005e-01 2.25303969552130e-01 1.33473566208070e-01 3.55124489794521e-01 3.14793909637758e-01 2.27852443885222e-01 3.98053919100094e-01 3.01280979994616e-01
GAMMA      1.00000000000000e+00 1.00000000000000e+00 1.00000000000000e+00 1.00000000000000e+00 1.00000000000000e+00 1.00000000000000e+00 1.00000000000000e+00
GEM_MEAN 8.24964186519326e-01
GEM_SCALE 8.19633173810274e+00
SCALING_SHAPE 1.00000000000000e+00
SCALING_SCALE 5.00000000000000e-01
ID     PARENT NDOCS  NWORDS  SCALE     WD_CNT
0      -1     000626 002699 5.000e-01     16    492    260    905   1026
1      0      000626 002073 5.000e-01   1495    108     74    395      1
49     1      000626 001709 5.000e-01    501    544      0    664      0
50     49     000626 001321 5.000e-01    644      8      0    394    275
90     50     000624 001191 5.000e-01    245      1    531    141    273
13724  90     000513 000813 5.000e-01      0     22     69    492    230
15576  13724  000510 000595 5.000e-01     26    389      1    157     22
17276  15576  000504 002866 5.000e-01      7    774   1184    326    575
136232 15576  000005 000019 5.000e-01     10      5      1      0      3
136313 15576  000001 000003 5.000e-01      0      2      1      0      0
136287 13724  000003 000003 5.000e-01      0      0      0      2      1
136288 136287 000003 000019 5.000e-01     10      0      6      0      3
128097 90     000111 000181 5.000e-01     14     14     30    108     15
128098 128097 000109 000147 5.000e-01     36     27      7     63     14
128152 128098 000104 000571 5.000e-01    102    182     32    123    132
136306 128098 000005 000031 5.000e-01     11     10      5      0      5
136296 128097 000002 000001 5.000e-01      0      1      0      0      0
136298 136296 000002 000013 5.000e-01      0      0      4      3      6
136307 50     000002 000001 5.000e-01      1      0      0      0      0
136308 136307 000002 000003 5.000e-01      0      0      1      1      1
136309 136308 000001 000001 5.000e-01      0      1      0      0      0
136310 136309 000001 000005 5.000e-01      0      0      0      1      4
136311 136308 000001 000000 5.000e-01      0      0      0      0      0
136312 136311 000001 000002 5.000e-01      1      0      0      0      1
