SCORE -3.90501034987340e+04
ITER 10000
ETA        1.17350198199294e-01 1.50848928106003e-01 1.95246960419266e-01 3.16349410638637e-01 1.12556774222467e-01 2.48396298183204e-01 7.09469940863336e-02 1.74377449864555e-01
GAMMA      1.00000000000000e+00 1.00000000000000e+00 1.00000000000000e+00 1.00000000000000e+00 1.00000000000000e+00 1.00000000000000e+00 1.00000000000000e+00
GEM_MEAN 9.05769895883125e-01
GEM_SCALE 6.52993665170257e+00
SCALING_SHAPE 1.00000000000000e+00
SCALING_SCALE 5.00000000000000e-01
ID     PARENT NDOCS  NWORDS  SCALE     WD_CNT
0      -1     000626 001361 5.000e-01    987    100      0    272      2
1      0      000626 001103 5.000e-01      7    367      0    429    300
49     1      000625 000867 5.000e-01    246    570     27     13     11
50     49     000625 001105 5.000e-01    368      2     12    599    124
90     50     000625 000948 5.000e-01    494      0    146    237     71
13724  90     000624 000915 5.000e-01    150     60    673     32      0
15576  13724  000624 000764 5.000e-01    477      2      0    124    161
210021 15576  000624 007200 5.000e-01    389   1476   1348   2069   1918
246730 90     000001 000000 5.000e-01      0      0      0      0      0
246731 246730 000001 000000 5.000e-01      0      0      0      0      0
246732 246731 000001 000003 5.000e-01      0      3      0      0      0
246724 1      000001 000000 5.000e-01      0      0      0      0      0
246725 246724 000001 000000 5.000e-01      0      0      0      0      0
246726 246725 000001 000000 5.000e-01      0      0      0      0      0
246727 246726 000001 000000 5.000e-01      0      0      0      0      0
246728 246727 000001 000001 5.000e-01      1      0      0      0      0
246729 246728 000001 000000 5.000e-01      0      0      0      0      0
