SCORE -4.00709963756887e+04
ITER 6000
ETA        8.61733747288823e-02 8.13581087952133e-02 2.24311616695297e-01 2.92596807084279e-01 2.45722787552327e-01 2.76573832138530e-01 3.84796781582958e-01 2.18643403594795e-01
GAMMA      1.00000000000000e+00 1.00000000000000e+00 1.00000000000000e+00 1.00000000000000e+00 1.00000000000000e+00 1.00000000000000e+00 1.00000000000000e+00
GEM_MEAN 8.81964318206938e-01
GEM_SCALE 1.17036800329617e+01
SCALING_SHAPE 1.00000000000000e+00
SCALING_SCALE 5.00000000000000e-01
ID     PARENT NDOCS  NWORDS  SCALE     WD_CNT
0      -1     000626 001634 5.000e-01   1119     30      7    477      1
1      0      000626 001523 5.000e-01    212     20      0    811    480
49     1      000626 001389 5.000e-01    442    269      0    577    101
50     49     000626 001124 5.000e-01   1024      0     18     82      0
90     50     000626 001028 5.000e-01      4      0    764      5    255
13724  90     000615 000860 5.000e-01     52    704     74      0     30
15576  13724  000614 000777 5.000e-01    124      4    504     63     82
17276  15576  000614 005814 5.000e-01    115   1525    829   1723   1622
165603 13724  000001 000000 5.000e-01      0      0      0      0      0
165604 165603 000001 000002 5.000e-01      0      2      0      0      0
165163 90     000009 000007 5.000e-01      0      7      0      0      0
165516 165163 000009 000005 5.000e-01      0      0      0      2      3
165517 165516 000007 000039 5.000e-01     17     11      0     11      0
165609 165516 000002 000015 5.000e-01      9      5      0      0      1
165395 90     000002 000009 5.000e-01      0      0      1      1      7
165607 165395 000002 000006 5.000e-01      1      3      2      0      0
165608 165607 000002 000035 5.000e-01      0      0      7     23      5
