SCORE -4.26397129457278e+04
ITER 2000
ETA        3.99996922306384e-02 1.31559548618567e-01 1.43791609573389e-01 2.52957281562565e-01 1.84428934192577e-01 1.71318352644323e-01 3.14162468614237e-01 1.54900730459644e-01
GAMMA      1.00000000000000e+00 1.00000000000000e+00 1.00000000000000e+00 1.00000000000000e+00 1.00000000000000e+00 1.00000000000000e+00 1.00000000000000e+00
GEM_MEAN 8.75837847653881e-01
GEM_SCALE 9.24310739255169e+00
SCALING_SHAPE 1.00000000000000e+00
SCALING_SCALE 5.00000000000000e-01
ID     PARENT NDOCS  NWORDS  SCALE     WD_CNT
0      -1     000626 001962 5.000e-01    989      0      0    557    416
1      0      000626 001612 5.000e-01   1081      0    191    336      4
657    1      000117 000199 5.000e-01    151      1      0      6     41
658    657    000114 000170 5.000e-01      0      3      0    134     33
7545   658    000114 000167 5.000e-01      3     22     59      8     75
15509  7545   000113 000141 5.000e-01     72     32     31      0      6
68959  15509  000112 000124 5.000e-01      1     43     49      4     27
68960  68959  000090 000608 5.000e-01     41    294     40    217     16
86909  68959  000019 000165 5.000e-01     53     51      0     57      4
86910  68959  000001 000013 5.000e-01      5      7      0      1      0
86960  68959  000002 000011 5.000e-01      1      4      1      0      5
86964  15509  000001 000000 5.000e-01      0      0      0      0      0
86965  86964  000001 000007 5.000e-01      2      4      0      1      0
86961  7545   000001 000014 5.000e-01      4      2      1      4      3
86962  86961  000001 000000 5.000e-01      0      0      0      0      0
86963  86962  000001 000005 5.000e-01      1      0      0      1      3
86955  657    000003 000004 5.000e-01      2      1      1      0      0
86956  86955  000001 000000 5.000e-01      0      0      0      0      0
86957  86956  000001 000000 5.000e-01      0      0      0      0      0
86958  86957  000001 000001 5.000e-01      0      1      0      0      0
86959  86958  000001 000002 5.000e-01      2      0      0      0      0
86966  86955  000002 000006 5.000e-01      1      1      0      1      3
86967  86966  000001 000000 5.000e-01      0      0      0      0      0
86968  86967  000001 000000 5.000e-01      0      0      0      0      0
86969  86968  000001 000003 5.000e-01      0      2      0      1      0
86970  86966  000001 000000 5.000e-01      0      0      0      0      0
86971  86970  000001 000004 5.000e-01      1      0      3      0      0
86972  86971  000001 000009 5.000e-01      0      0      1      7      1
49     1      000509 001085 5.000e-01      0    347    187    167    384
50     49     000509 001119 5.000e-01      0      0    214    603    302
90     50     000219 000374 5.000e-01    150    177     26      0     21
13724  90     000219 000412 5.000e-01     30     78    277      1     26
15576  13724  000216 000347 5.000e-01     29     28    200     25     65
17276  15576  000216 002235 5.000e-01    266    451    131    861    526
86949  13724  000003 000005 5.000e-01      0      3      1      0      1
86950  86949  000003 000019 5.000e-01      2      1      4      4      8
25029  50     000290 000474 5.000e-01     19     71    279      4    101
25030  25029  000290 000388 5.000e-01     28    122    144     93      1
25031  25030  000290 000339 5.000e-01     85      9    179      0     66
31094  25031  000289 002237 5.000e-01     98    823    187    681    448
86973  25031  000001 000006 5.000e-01      2      2      0      1      1
