SCORE -4.23119211772221e+04
ITER 3000
ETA        8.63508224735658e-02 8.46121192561207e-02 2.05047905028198e-01 3.16795889985268e-01 5.09191111879551e-01 2.16011468629308e-01 4.93210404888115e-01 1.96288941199101e-01
GAMMA      1.00000000000000e+00 1.00000000000000e+00 1.00000000000000e+00 1.00000000000000e+00 1.00000000000000e+00 1.00000000000000e+00 1.00000000000000e+00
GEM_MEAN 8.83329489785210e-01
GEM_SCALE 8.41225411493705e+00
SCALING_SHAPE 1.00000000000000e+00
SCALING_SCALE 5.00000000000000e-01
ID     PARENT NDOCS  NWORDS  SCALE     WD_CNT
0      -1     000626 001671 5.000e-01      0    606      0    687    378
1      0      000625 001434 5.000e-01   1050    100     11    271      2
657    1      000032 000090 5.000e-01     40     15     21      0     14
658    657    000032 000058 5.000e-01      2     15      0     10     31
7545   658    000031 000056 5.000e-01     32      0     16      5      3
15509  7545   000031 000032 5.000e-01      4      8      3     17      0
68959  15509  000031 000034 5.000e-01      0     11      0      9     14
112199 68959  000031 000294 5.000e-01    113     35     39    107      0
114629 658    000001 000000 5.000e-01      0      0      0      0      0
114630 114629 000001 000000 5.000e-01      0      0      0      0      0
114631 114630 000001 000001 5.000e-01      0      0      1      0      0
114632 114631 000001 000003 5.000e-01      0      3      0      0      0
49     1      000593 001233 5.000e-01    518     50      5    364    296
50     49     000592 001169 5.000e-01    529      4      0    356    280
90     50     000592 000930 5.000e-01     45    587    229     17     52
13724  90     000592 000837 5.000e-01     90     88    395    159    105
15576  13724  000575 000681 5.000e-01      5    254    259      0    163
17276  15576  000572 005509 5.000e-01    629    737   1190   1731   1222
114608 15576  000002 000016 5.000e-01     14      1      1      0      0
114625 15576  000001 000003 5.000e-01      0      1      2      0      0
114488 13724  000002 000001 5.000e-01      1      0      0      0      0
114489 114488 000002 000027 5.000e-01      0      8      3      5     11
114540 13724  000015 000019 5.000e-01      3     15      1      0      0
114541 114540 000015 000151 5.000e-01     41     33     29     34     14
114620 49     000001 000000 5.000e-01      0      0      0      0      0
114621 114620 000001 000002 5.000e-01      0      2      0      0      0
114622 114621 000001 000000 5.000e-01      0      0      0      0      0
114623 114622 000001 000000 5.000e-01      0      0      0      0      0
114624 114623 000001 000004 5.000e-01      3      0      1      0      0
114506 0      000001 000000 5.000e-01      0      0      0      0      0
114507 114506 000001 000009 5.000e-01      0      7      0      2      0
114533 114507 000001 000000 5.000e-01      0      0      0      0      0
114593 114533 000001 000000 5.000e-01      0      0      0      0      0
114626 114593 000001 000000 5.000e-01      0      0      0      0      0
114627 114626 000001 000000 5.000e-01      0      0      0      0      0
114628 114627 000001 000003 5.000e-01      0      0      0      1      2
