SCORE -4.55331598315265e+04
ITER 1000
ETA        1.44467775850842e-01 8.32214729881880e-02 2.38891379800875e-01 3.30662650773545e-01 2.40044143978130e-01 3.00479373294391e-01 6.05450570041210e-01 3.35538334849868e-01
GAMMA      1.00000000000000e+00 1.00000000000000e+00 1.00000000000000e+00 1.00000000000000e+00 1.00000000000000e+00 1.00000000000000e+00 1.00000000000000e+00
GEM_MEAN 8.47424726918988e-01
GEM_SCALE 1.25344460622043e+01
SCALING_SHAPE 1.00000000000000e+00
SCALING_SCALE 5.00000000000000e-01
ID     PARENT NDOCS  NWORDS  SCALE     WD_CNT
0      -1     000626 002385 5.000e-01    918      0      0    908    559
1      0      000626 001777 5.000e-01    582    330    354    266    245
657    1      000159 000377 5.000e-01      0    137     96    144      0
658    657    000150 000247 5.000e-01    242      2      0      0      3
7545   658    000149 000248 5.000e-01     84     42     14      2    106
15509  7545   000149 000219 5.000e-01     38     40     11      5    125
17398  15509  000145 000164 5.000e-01     61      2      0    100      1
21252  17398  000138 000908 5.000e-01    271    226     64    330     17
62044  17398  000007 000031 5.000e-01      5     19      0      6      1
63788  15509  000001 000001 5.000e-01      0      0      0      0      1
63789  63788  000001 000012 5.000e-01      0      4      1      1      6
63776  15509  000003 000001 5.000e-01      0      0      1      0      0
63777  63776  000003 000021 5.000e-01      7      3      0      4      7
63784  658    000001 000001 5.000e-01      0      1      0      0      0
63785  63784  000001 000000 5.000e-01      0      0      0      0      0
63786  63785  000001 000000 5.000e-01      0      0      0      0      0
63787  63786  000001 000003 5.000e-01      0      2      1      0      0
63721  657    000006 000007 5.000e-01      0      2      0      2      3
63722  63721  000003 000006 5.000e-01      2      1      0      3      0
63723  63722  000001 000001 5.000e-01      0      0      0      1      0
63724  63723  000001 000002 5.000e-01      2      0      0      0      0
63783  63724  000001 000011 5.000e-01      5      3      2      0      1
63798  63722  000001 000010 5.000e-01      0      1      7      1      1
63799  63798  000001 000002 5.000e-01      0      0      1      0      1
63800  63799  000001 000010 5.000e-01      1      3      3      0      3
63801  63722  000001 000003 5.000e-01      2      0      0      0      1
63802  63801  000001 000003 5.000e-01      1      0      2      0      0
63803  63802  000001 000010 5.000e-01      3      0      3      0      4
63738  63721  000003 000002 5.000e-01      0      0      1      1      0
63739  63738  000003 000003 5.000e-01      1      0      2      0      0
63790  63739  000003 000002 5.000e-01      2      0      0      0      0
63791  63790  000003 000018 5.000e-01      5      3      6      3      1
63778  657    000001 000004 5.000e-01      2      1      0      1      0
63779  63778  000001 000000 5.000e-01      0      0      0      0      0
63780  63779  000001 000000 5.000e-01      0      0      0      0      0
63781  63780  000001 000001 5.000e-01      0      1      0      0      0
63782  63781  000001 000007 5.000e-01      1      3      1      1      1
63804  657    000002 000001 5.000e-01      0      1      0      0      0
63805  63804  000002 000001 5.000e-01      0      0      0      0      1
63806  63805  000002 000005 5.000e-01      1      1      0      0      3
63807  63806  000002 000001 5.000e-01      1      0      0      0      0
63808  63807  000002 000007 5.000e-01      2      5      0      0      0
49     1      000466 001173 5.000e-01    207    333    282    180    171
50     49     000466 001007 5.000e-01      0     93    198    362    354
90     50     000163 000279 5.000e-01      2    234      5      0     38
13724  90     000162 000317 5.000e-01    154     88      3     53     19
15576  13724  000161 000242 5.000e-01     45      8     50    139      0
17276  15576  000160 001263 5.000e-01    263     26    329    390    255
63811  15576  000001 000003 5.000e-01      3      0      0      0      0
63812  13724  000001 000003 5.000e-01      2      0      0      0      1
63813  63812  000001 000009 5.000e-01      0      2      3      4      0
63686  90     000001 000000 5.000e-01      0      0      0      0      0
63687  63686  000001 000003 5.000e-01      1      0      0      0      2
63759  63687  000001 000012 5.000e-01      1      0     10      1      0
25029  50     000303 000503 5.000e-01      6     24    414     26     33
25030  25029  000299 000436 5.000e-01     28    362     33     13      0
25031  25030  000298 000350 5.000e-01      2     81     35    201     31
31094  25031  000298 002050 5.000e-01    150    484    254    593    569
63809  25030  000001 000001 5.000e-01      0      0      0      1      0
63810  63809  000001 000005 5.000e-01      0      0      0      5      0
63669  25029  000004 000021 5.000e-01      2      6      0      3     10
63751  63669  000004 000007 5.000e-01      1      2      3      0      1
63752  63751  000004 000040 5.000e-01      3      0     11     17      9
63792  1      000001 000009 5.000e-01      3      2      2      1      1
63793  63792  000001 000003 5.000e-01      0      0      1      1      1
63794  63793  000001 000002 5.000e-01      0      1      0      1      0
63795  63794  000001 000004 5.000e-01      2      0      0      2      0
63796  63795  000001 000001 5.000e-01      1      0      0      0      0
63797  63796  000001 000012 5.000e-01      4      1      3      3      1
