SCORE -4.22829010257206e+04
ITER 7000
ETA        1.99797114878377e-01 1.20062082274957e-01 3.12303281273459e-01 4.38407672901756e-01 4.28462686969361e-01 6.04623141600726e-01 6.28637124148496e-01 4.01644831734686e-01
GAMMA      1.00000000000000e+00 1.00000000000000e+00 1.00000000000000e+00 1.00000000000000e+00 1.00000000000000e+00 1.00000000000000e+00 1.00000000000000e+00
GEM_MEAN 8.42010501903107e-01
GEM_SCALE 8.90664934333423e+00
SCALING_SHAPE 1.00000000000000e+00
SCALING_SCALE 5.00000000000000e-01
ID     PARENT NDOCS  NWORDS  SCALE     WD_CNT
0      -1     000626 002279 5.000e-01   1140      0      0    746    393
1      0      000624 001641 5.000e-01    103    891     67    580      0
49     1      000615 001693 5.000e-01   1415      4      7    267      0
50     49     000614 001327 5.000e-01    223    201     50    615    238
90     50     000608 001172 5.000e-01     96    280    626     71     99
13724  90     000596 000988 5.000e-01     25     59     28    440    436
15576  13724  000593 000775 5.000e-01     11     26    654      6     78
17276  15576  000588 004030 5.000e-01      6   1050    724    970   1280
182543 15576  000004 000014 5.000e-01      9      5      0      0      0
182902 15576  000001 000004 5.000e-01      1      1      1      0      1
182662 13724  000001 000000 5.000e-01      0      0      0      0      0
182927 182662 000001 000006 5.000e-01      1      0      0      2      3
182843 13724  000001 000000 5.000e-01      0      0      0      0      0
182844 182843 000001 000003 5.000e-01      2      1      0      0      0
182903 13724  000001 000004 5.000e-01      2      0      2      0      0
182904 182903 000001 000009 5.000e-01      0      1      2      2      4
182532 90     000009 000013 5.000e-01      0      0      0      4      9
182741 182532 000009 000007 5.000e-01      2      0      0      5      0
182742 182741 000007 000025 5.000e-01     11     11      1      2      0
182854 182741 000001 000008 5.000e-01      4      2      0      0      2
182926 182741 000001 000004 5.000e-01      1      2      1      0      0
182907 90     000002 000000 5.000e-01      0      0      0      0      0
182908 182907 000002 000004 5.000e-01      0      1      0      1      2
182909 182908 000001 000004 5.000e-01      0      4      0      0      0
182919 182908 000001 000011 5.000e-01      0      0      0      7      4
182916 90     000001 000004 5.000e-01      3      0      0      0      1
182917 182916 000001 000002 5.000e-01      1      0      0      0      1
182918 182917 000001 000014 5.000e-01      1      2      2      6      3
182892 50     000002 000000 5.000e-01      0      0      0      0      0
182893 182892 000002 000002 5.000e-01      0      0      0      1      1
182894 182893 000001 000000 5.000e-01      0      0      0      0      0
182895 182894 000001 000007 5.000e-01      0      3      0      2      2
182931 182893 000001 000002 5.000e-01      0      1      0      0      1
182932 182931 000001 000003 5.000e-01      1      0      0      2      0
182814 50     000004 000001 5.000e-01      0      0      0      1      0
182845 182814 000004 000006 5.000e-01      0      2      0      2      2
182846 182845 000002 000001 5.000e-01      1      0      0      0      0
182847 182846 000002 000010 5.000e-01      0      0      8      1      1
182905 182845 000001 000002 5.000e-01      1      0      0      0      1
182906 182905 000001 000006 5.000e-01      4      1      0      1      0
182928 182845 000001 000001 5.000e-01      1      0      0      0      0
182929 182928 000001 000010 5.000e-01      3      1      3      3      0
182720 49     000001 000000 5.000e-01      0      0      0      0      0
182725 182720 000001 000002 5.000e-01      1      0      1      0      0
182756 182725 000001 000003 5.000e-01      0      0      3      0      0
182757 182756 000001 000000 5.000e-01      0      0      0      0      0
182890 182757 000001 000007 5.000e-01      0      1      3      2      1
182571 1      000008 000010 5.000e-01      0      0      0     10      0
182631 182571 000008 000013 5.000e-01      7      6      0      0      0
182632 182631 000005 000002 5.000e-01      1      0      0      0      1
182775 182632 000004 000010 5.000e-01      1      0      2      4      3
182776 182775 000004 000009 5.000e-01      2      1      1      5      0
182807 182776 000004 000011 5.000e-01      2      4      3      0      2
182896 182632 000001 000006 5.000e-01      3      1      1      1      0
182897 182896 000001 000000 5.000e-01      0      0      0      0      0
182898 182897 000001 000007 5.000e-01      2      1      0      3      1
182810 182631 000003 000001 5.000e-01      0      0      0      1      0
182811 182810 000001 000002 5.000e-01      0      0      0      0      2
182812 182811 000001 000005 5.000e-01      1      0      3      1      0
182891 182812 000001 000008 5.000e-01      2      0      2      2      2
182910 182810 000002 000005 5.000e-01      3      1      0      1      0
182911 182910 000002 000002 5.000e-01      0      1      0      1      0
182912 182911 000001 000006 5.000e-01      2      0      2      1      1
182930 182911 000001 000016 5.000e-01     12      2      0      1      1
182920 1      000001 000003 5.000e-01      0      0      2      0      1
182921 182920 000001 000003 5.000e-01      2      1      0      0      0
182922 182921 000001 000001 5.000e-01      0      0      0      1      0
182923 182922 000001 000000 5.000e-01      0      0      0      0      0
182924 182923 000001 000001 5.000e-01      0      0      0      0      1
182925 182924 000001 000000 5.000e-01      0      0      0      0      0
182872 0      000002 000005 5.000e-01      5      0      0      0      0
182873 182872 000002 000010 5.000e-01      3      4      1      1      1
182874 182873 000002 000000 5.000e-01      0      0      0      0      0
182875 182874 000002 000000 5.000e-01      0      0      0      0      0
182899 182875 000001 000000 5.000e-01      0      0      0      0      0
182900 182899 000001 000000 5.000e-01      0      0      0      0      0
182901 182900 000001 000006 5.000e-01      0      3      1      1      1
182913 182875 000001 000000 5.000e-01      0      0      0      0      0
182914 182913 000001 000009 5.000e-01      1      1      2      2      3
182915 182914 000001 000012 5.000e-01      1      4      3      0      4
