SCORE -3.76425469795897e+04
ITER 5152
ETA        2.60551844700533e-01 2.06552618923204e-01 2.76552018766033e-01 5.53875844163919e-02 1.91430556763075e-01 8.33593390790066e-02 2.11007379231131e-01 1.58254806164022e-01
GAMMA      1.00000000000000e+00 1.00000000000000e+00 1.00000000000000e+00 1.00000000000000e+00 1.00000000000000e+00 1.00000000000000e+00 1.00000000000000e+00
GEM_MEAN 9.10888105314966e-01
GEM_SCALE 7.54822805731645e+00
SCALING_SHAPE 1.00000000000000e+00
SCALING_SCALE 5.00000000000000e-01
ID     PARENT NDOCS  NWORDS  SCALE     WD_CNT
0      -1     000626 001143 5.000e-01    871      0      0    272      0
1      0      000626 001411 5.000e-01    276     41      0    815    279
49     1      000626 000864 5.000e-01     66    653      0    125     20
50     49     000625 000997 5.000e-01    775      0      0    222      0
90     50     000625 000774 5.000e-01    566     80      0     53     75
13724  90     000625 000881 5.000e-01    218    325      0    338      0
15576  13724  000625 000746 5.000e-01     36      0    639      0     71
17276  15576  000625 007445 5.000e-01    311   1479   1567   1950   2138
157921 49     000001 000000 5.000e-01      0      0      0      0      0
157922 157921 000001 000000 5.000e-01      0      0      0      0      0
157923 157922 000001 000002 5.000e-01      0      2      0      0      0
157924 157923 000001 000000 5.000e-01      0      0      0      0      0
157925 157924 000001 000004 5.000e-01      0      0      0      0      4
