SCORE -4.58336582375862e+04
ITER 0
ETA        5.00000023748726e-04 5.00000023748726e-04 5.00000023748726e-04 5.00000023748726e-04 5.00000023748726e-04 5.00000023748726e-04 5.00000023748726e-04 5.00000023748726e-04
GAMMA      1.00000000000000e+00 1.00000000000000e+00 1.00000000000000e+00 1.00000000000000e+00 1.00000000000000e+00 1.00000000000000e+00 1.00000000000000e+00
GEM_MEAN 5.00000000000000e-01
GEM_SCALE 1.00000000000000e+02
SCALING_SHAPE 1.00000000000000e+00
SCALING_SCALE 5.00000000000000e-01
ID     PARENT NDOCS  NWORDS  SCALE     WD_CNT
0      -1     000626 005978 5.000e-01   2538      0   1375      1   2064
1      0      000625 003955 5.000e-01    102   1660    223   1926     44
2      1      000054 000142 5.000e-01      3      0     37     76     26
3      2      000022 000034 5.000e-01      3      8      1     19      3
4      3      000002 000000 5.000e-01      0      0      0      0      0
5      4      000002 000000 5.000e-01      0      0      0      0      0
6      5      000001 000000 5.000e-01      0      0      0      0      0
7      6      000001 000000 5.000e-01      0      0      0      0      0
1097   5      000001 000001 5.000e-01      1      0      0      0      0
1098   1097   000001 000001 5.000e-01      1      0      0      0      0
62     3      000007 000003 5.000e-01      1      1      1      0      0
63     62     000006 000002 5.000e-01      0      0      0      0      2
64     63     000006 000000 5.000e-01      0      0      0      0      0
65     64     000006 000002 5.000e-01      0      0      0      2      0
1819   62     000001 000000 5.000e-01      0      0      0      0      0
1820   1819   000001 000000 5.000e-01      0      0      0      0      0
1821   1820   000001 000000 5.000e-01      0      0      0      0      0
164    3      000006 000012 5.000e-01      8      0      1      0      3
165    164    000001 000000 5.000e-01      0      0      0      0      0
166    165    000001 000000 5.000e-01      0      0      0      0      0
167    166    000001 000000 5.000e-01      0      0      0      0      0
528    164    000001 000001 5.000e-01      0      0      0      1      0
529    528    000001 000000 5.000e-01      0      0      0      0      0
530    529    000001 000000 5.000e-01      0      0      0      0      0
679    164    000001 000001 5.000e-01      0      0      1      0      0
680    679    000001 000000 5.000e-01      0      0      0      0      0
681    680    000001 000001 5.000e-01      0      0      0      1      0
2555   164    000001 000000 5.000e-01      0      0      0      0      0
2556   2555   000001 000000 5.000e-01      0      0      0      0      0
2557   2556   000001 000000 5.000e-01      0      0      0      0      0
3050   164    000002 000002 5.000e-01      1      0      1      0      0
3051   3050   000001 000000 5.000e-01      0      0      0      0      0
3052   3051   000001 000000 5.000e-01      0      0      0      0      0
3221   3050   000001 000001 5.000e-01      0      0      0      1      0
3222   3221   000001 000000 5.000e-01      0      0      0      0      0
299    3      000003 000005 5.000e-01      0      1      4      0      0
300    299    000002 000000 5.000e-01      0      0      0      0      0
301    300    000002 000000 5.000e-01      0      0      0      0      0
302    301    000002 000000 5.000e-01      0      0      0      0      0
2504   299    000001 000000 5.000e-01      0      0      0      0      0
2505   2504   000001 000000 5.000e-01      0      0      0      0      0
2506   2505   000001 000001 5.000e-01      0      1      0      0      0
919    3      000002 000001 5.000e-01      0      0      1      0      0
920    919    000001 000000 5.000e-01      0      0      0      0      0
921    920    000001 000000 5.000e-01      0      0      0      0      0
922    921    000001 000000 5.000e-01      0      0      0      0      0
2866   919    000001 000000 5.000e-01      0      0      0      0      0
2867   2866   000001 000000 5.000e-01      0      0      0      0      0
2868   2867   000001 000000 5.000e-01      0      0      0      0      0
1086   3      000001 000000 5.000e-01      0      0      0      0      0
1087   1086   000001 000000 5.000e-01      0      0      0      0      0
1088   1087   000001 000000 5.000e-01      0      0      0      0      0
1089   1088   000001 000000 5.000e-01      0      0      0      0      0
2712   3      000001 000001 5.000e-01      0      0      0      1      0
2713   2712   000001 000000 5.000e-01      0      0      0      0      0
2714   2713   000001 000000 5.000e-01      0      0      0      0      0
2715   2714   000001 000002 5.000e-01      0      0      1      1      0
28     2      000028 000039 5.000e-01      1      4      9     22      3
29     28     000028 000028 5.000e-01      3      6      8      4      7
30     29     000022 000010 5.000e-01      1      4      1      3      1
31     30     000003 000000 5.000e-01      0      0      0      0      0
32     31     000001 000000 5.000e-01      0      0      0      0      0
101    31     000002 000000 5.000e-01      0      0      0      0      0
198    30     000001 000000 5.000e-01      0      0      0      0      0
199    198    000001 000001 5.000e-01      1      0      0      0      0
236    30     000002 000000 5.000e-01      0      0      0      0      0
237    236    000002 000001 5.000e-01      0      0      0      1      0
880    30     000005 000001 5.000e-01      0      0      0      0      1
881    880    000003 000002 5.000e-01      0      0      2      0      0
1620   880    000002 000001 5.000e-01      0      0      0      0      1
1312   30     000002 000000 5.000e-01      0      0      0      0      0
1313   1312   000002 000000 5.000e-01      0      0      0      0      0
1444   30     000009 000000 5.000e-01      0      0      0      0      0
1445   1444   000003 000000 5.000e-01      0      0      0      0      0
1653   1444   000002 000000 5.000e-01      0      0      0      0      0
2521   1444   000004 000002 5.000e-01      0      0      2      0      0
1256   29     000005 000004 5.000e-01      0      0      0      4      0
1257   1256   000003 000001 5.000e-01      0      0      0      1      0
1258   1257   000003 000000 5.000e-01      0      0      0      0      0
2836   1256   000002 000000 5.000e-01      0      0      0      0      0
2837   2836   000002 000000 5.000e-01      0      0      0      0      0
4096   29     000001 000002 5.000e-01      0      0      0      2      0
4097   4096   000001 000000 5.000e-01      0      0      0      0      0
4098   4097   000001 000000 5.000e-01      0      0      0      0      0
1777   2      000004 000009 5.000e-01      1      0      1      2      5
1778   1777   000001 000001 5.000e-01      0      1      0      0      0
1779   1778   000001 000001 5.000e-01      0      0      0      0      1
1780   1779   000001 000000 5.000e-01      0      0      0      0      0
1781   1780   000001 000000 5.000e-01      0      0      0      0      0
2883   1777   000002 000001 5.000e-01      0      1      0      0      0
2884   2883   000002 000000 5.000e-01      0      0      0      0      0
2885   2884   000002 000000 5.000e-01      0      0      0      0      0
2886   2885   000002 000002 5.000e-01      1      0      1      0      0
3890   1777   000001 000001 5.000e-01      0      0      0      1      0
3891   3890   000001 000000 5.000e-01      0      0      0      0      0
3892   3891   000001 000001 5.000e-01      1      0      0      0      0
3893   3892   000001 000000 5.000e-01      0      0      0      0      0
15     1      000082 000220 5.000e-01      4     65      0    151      0
16     15     000060 000054 5.000e-01      9     39      0      6      0
17     16     000046 000032 5.000e-01      2      3      2     22      3
18     17     000031 000017 5.000e-01      1     11      2      3      0
19     18     000006 000001 5.000e-01      0      1      0      0      0
20     19     000004 000002 5.000e-01      2      0      0      0      0
3305   19     000002 000000 5.000e-01      0      0      0      0      0
40     18     000023 000006 5.000e-01      5      0      0      1      0
41     40     000020 000004 5.000e-01      0      2      0      0      2
3255   40     000003 000000 5.000e-01      0      0      0      0      0
214    18     000002 000000 5.000e-01      0      0      0      0      0
215    214    000002 000000 5.000e-01      0      0      0      0      0
73     17     000015 000002 5.000e-01      0      0      0      2      0
74     73     000015 000005 5.000e-01      0      0      0      2      3
75     74     000015 000002 5.000e-01      2      0      0      0      0
338    16     000012 000006 5.000e-01      2      3      0      0      1
339    338    000012 000002 5.000e-01      0      2      0      0      0
340    339    000004 000000 5.000e-01      0      0      0      0      0
341    340    000004 000001 5.000e-01      0      1      0      0      0
381    339    000002 000001 5.000e-01      0      1      0      0      0
382    381    000002 000000 5.000e-01      0      0      0      0      0
484    339    000003 000000 5.000e-01      0      0      0      0      0
485    484    000003 000001 5.000e-01      1      0      0      0      0
2546   339    000002 000000 5.000e-01      0      0      0      0      0
2547   2546   000002 000001 5.000e-01      0      1      0      0      0
4532   339    000001 000000 5.000e-01      0      0      0      0      0
4533   4532   000001 000000 5.000e-01      0      0      0      0      0
390    16     000002 000003 5.000e-01      1      0      0      1      1
391    390    000002 000000 5.000e-01      0      0      0      0      0
392    391    000002 000000 5.000e-01      0      0      0      0      0
393    392    000002 000000 5.000e-01      0      0      0      0      0
768    15     000006 000009 5.000e-01      0      1      2      6      0
769    768    000006 000005 5.000e-01      2      1      1      0      1
770    769    000005 000005 5.000e-01      0      2      1      2      0
771    770    000001 000000 5.000e-01      0      0      0      0      0
772    771    000001 000000 5.000e-01      0      0      0      0      0
1001   770    000003 000002 5.000e-01      2      0      0      0      0
1002   1001   000003 000001 5.000e-01      1      0      0      0      0
1035   770    000001 000000 5.000e-01      0      0      0      0      0
1036   1035   000001 000000 5.000e-01      0      0      0      0      0
4660   769    000001 000000 5.000e-01      0      0      0      0      0
4661   4660   000001 000000 5.000e-01      0      0      0      0      0
4662   4661   000001 000000 5.000e-01      0      0      0      0      0
842    15     000015 000020 5.000e-01      5      4      6      2      3
843    842    000011 000009 5.000e-01      4      3      1      1      0
844    843    000007 000002 5.000e-01      2      0      0      0      0
845    844    000006 000000 5.000e-01      0      0      0      0      0
846    845    000006 000000 5.000e-01      0      0      0      0      0
1910   844    000001 000000 5.000e-01      0      0      0      0      0
1911   1910   000001 000000 5.000e-01      0      0      0      0      0
1952   843    000004 000002 5.000e-01      0      0      0      2      0
1953   1952   000004 000001 5.000e-01      0      1      0      0      0
1954   1953   000004 000000 5.000e-01      0      0      0      0      0
1164   842    000004 000001 5.000e-01      1      0      0      0      0
1165   1164   000002 000000 5.000e-01      0      0      0      0      0
1166   1165   000002 000000 5.000e-01      0      0      0      0      0
1167   1166   000002 000000 5.000e-01      0      0      0      0      0
2592   1164   000002 000002 5.000e-01      1      0      0      0      1
2593   2592   000001 000000 5.000e-01      0      0      0      0      0
2594   2593   000001 000000 5.000e-01      0      0      0      0      0
3212   2592   000001 000000 5.000e-01      0      0      0      0      0
3213   3212   000001 000000 5.000e-01      0      0      0      0      0
1714   15     000001 000000 5.000e-01      0      0      0      0      0
1715   1714   000001 000003 5.000e-01      1      0      1      0      1
1716   1715   000001 000003 5.000e-01      0      0      0      3      0
1717   1716   000001 000000 5.000e-01      0      0      0      0      0
1718   1717   000001 000000 5.000e-01      0      0      0      0      0
49     1      000362 001218 5.000e-01    123    101    235    643    116
50     49     000152 000252 5.000e-01     11     39     12    188      2
51     50     000108 000095 5.000e-01     22     48      6     19      0
52     51     000056 000023 5.000e-01      6      1      5      9      2
53     52     000052 000014 5.000e-01      0      1      1     12      0
54     53     000042 000010 5.000e-01      0      1      6      1      2
635    53     000010 000001 5.000e-01      0      0      0      1      0
616    52     000004 000000 5.000e-01      0      0      0      0      0
617    616    000003 000000 5.000e-01      0      0      0      0      0
4914   616    000001 000000 5.000e-01      0      0      0      0      0
109    51     000026 000008 5.000e-01      0      0      0      6      2
110    109    000024 000011 5.000e-01      2      4      1      0      4
111    110    000024 000010 5.000e-01      4      1      1      4      0
794    109    000001 000001 5.000e-01      0      0      0      1      0
795    794    000001 000001 5.000e-01      0      1      0      0      0
3974   109    000001 000000 5.000e-01      0      0      0      0      0
3975   3974   000001 000000 5.000e-01      0      0      0      0      0
401    51     000020 000013 5.000e-01      2      0      0      0     11
402    401    000020 000002 5.000e-01      0      0      0      2      0
403    402    000006 000004 5.000e-01      0      2      1      0      1
425    402    000013 000002 5.000e-01      0      1      0      1      0
2584   402    000001 000001 5.000e-01      0      1      0      0      0
493    51     000006 000000 5.000e-01      0      0      0      0      0
494    493    000006 000002 5.000e-01      1      0      0      1      0
495    494    000005 000002 5.000e-01      0      2      0      0      0
3592   494    000001 000000 5.000e-01      0      0      0      0      0
90     50     000033 000043 5.000e-01      1     23     11      0      8
91     90     000032 000019 5.000e-01      1      5      1      1     11
92     91     000031 000010 5.000e-01      0      0      7      1      2
93     92     000003 000001 5.000e-01      0      0      0      0      1
266    92     000021 000002 5.000e-01      0      1      0      1      0
291    92     000005 000002 5.000e-01      0      1      0      1      0
576    92     000002 000000 5.000e-01      0      0      0      0      0
4905   91     000001 000002 5.000e-01      0      0      2      0      0
4906   4905   000001 000001 5.000e-01      0      1      0      0      0
274    90     000001 000001 5.000e-01      0      0      0      0      1
275    274    000001 000001 5.000e-01      0      0      1      0      0
276    275    000001 000000 5.000e-01      0      0      0      0      0
1010   50     000002 000007 5.000e-01      0      0      2      4      1
1011   1010   000002 000000 5.000e-01      0      0      0      0      0
1012   1011   000001 000001 5.000e-01      0      0      1      0      0
1013   1012   000001 000000 5.000e-01      0      0      0      0      0
2732   1011   000001 000002 5.000e-01      0      0      0      2      0
2733   2732   000001 000000 5.000e-01      0      0      0      0      0
1488   50     000008 000009 5.000e-01      1      1      4      0      3
1489   1488   000007 000004 5.000e-01      0      2      0      2      0
1490   1489   000001 000000 5.000e-01      0      0      0      0      0
1491   1490   000001 000000 5.000e-01      0      0      0      0      0
1789   1489   000006 000000 5.000e-01      0      0      0      0      0
1790   1789   000006 000002 5.000e-01      0      2      0      0      0
2650   1488   000001 000000 5.000e-01      0      0      0      0      0
2651   2650   000001 000000 5.000e-01      0      0      0      0      0
2652   2651   000001 000000 5.000e-01      0      0      0      0      0
3009   50     000001 000003 5.000e-01      0      0      0      3      0
3010   3009   000001 000002 5.000e-01      2      0      0      0      0
3011   3010   000001 000000 5.000e-01      0      0      0      0      0
3012   3011   000001 000000 5.000e-01      0      0      0      0      0
140    49     000035 000087 5.000e-01     14     43      7     20      3
141    140    000025 000030 5.000e-01      9      4      8      4      5
142    141    000008 000008 5.000e-01      0      1      3      3      1
143    142    000007 000004 5.000e-01      0      1      2      1      0
144    143    000007 000005 5.000e-01      0      0      4      0      1
959    142    000001 000000 5.000e-01      0      0      0      0      0
960    959    000001 000000 5.000e-01      0      0      0      0      0
559    141    000011 000008 5.000e-01      0      0      2      0      6
560    559    000006 000002 5.000e-01      0      0      0      0      2
561    560    000006 000003 5.000e-01      1      2      0      0      0
1738   559    000003 000000 5.000e-01      0      0      0      0      0
1739   1738   000002 000000 5.000e-01      0      0      0      0      0
4373   1738   000001 000000 5.000e-01      0      0      0      0      0
2102   559    000001 000001 5.000e-01      0      1      0      0      0
2103   2102   000001 000000 5.000e-01      0      0      0      0      0
2118   559    000001 000000 5.000e-01      0      0      0      0      0
2119   2118   000001 000000 5.000e-01      0      0      0      0      0
1574   141    000004 000003 5.000e-01      0      0      1      1      1
1575   1574   000003 000001 5.000e-01      0      0      0      0      1
1576   1575   000003 000001 5.000e-01      1      0      0      0      0
2355   1574   000001 000001 5.000e-01      0      1      0      0      0
2356   2355   000001 000000 5.000e-01      0      0      0      0      0
3561   141    000002 000000 5.000e-01      0      0      0      0      0
3562   3561   000001 000004 5.000e-01      0      0      3      1      0
3563   3562   000001 000002 5.000e-01      0      0      2      0      0
4889   3561   000001 000000 5.000e-01      0      0      0      0      0
4890   4889   000001 000001 5.000e-01      1      0      0      0      0
503    140    000009 000019 5.000e-01      8      1      0     10      0
504    503    000004 000003 5.000e-01      0      0      2      1      0
505    504    000002 000000 5.000e-01      0      0      0      0      0
506    505    000002 000000 5.000e-01      0      0      0      0      0
717    504    000002 000002 5.000e-01      0      2      0      0      0
718    717    000002 000000 5.000e-01      0      0      0      0      0
625    503    000003 000004 5.000e-01      0      0      1      3      0
626    625    000001 000000 5.000e-01      0      0      0      0      0
627    626    000001 000003 5.000e-01      1      0      0      0      2
2616   625    000001 000001 5.000e-01      1      0      0      0      0
2617   2616   000001 000000 5.000e-01      0      0      0      0      0
3034   625    000001 000000 5.000e-01      0      0      0      0      0
3035   3034   000001 000000 5.000e-01      0      0      0      0      0
2667   503    000002 000000 5.000e-01      0      0      0      0      0
2668   2667   000001 000000 5.000e-01      0      0      0      0      0
2669   2668   000001 000000 5.000e-01      0      0      0      0      0
3081   2667   000001 000000 5.000e-01      0      0      0      0      0
3082   3081   000001 000000 5.000e-01      0      0      0      0      0
1335   140    000001 000004 5.000e-01      0      4      0      0      0
1336   1335   000001 000000 5.000e-01      0      0      0      0      0
1337   1336   000001 000000 5.000e-01      0      0      0      0      0
1338   1337   000001 000000 5.000e-01      0      0      0      0      0
152    49     000152 000237 5.000e-01      0    138     20     74      5
153    152    000110 000110 5.000e-01      4     25      1     68     12
154    153    000110 000041 5.000e-01      2      1      6     22     10
155    154    000033 000007 5.000e-01      0      4      0      0      3
156    155    000033 000005 5.000e-01      0      4      0      1      0
175    154    000059 000014 5.000e-01      2      7      2      3      0
176    175    000059 000020 5.000e-01      4      3      7      4      2
817    154    000015 000010 5.000e-01      0      4      1      0      5
818    817    000014 000002 5.000e-01      0      0      1      1      0
3722   817    000001 000000 5.000e-01      0      0      0      0      0
826    154    000002 000000 5.000e-01      0      0      0      0      0
827    826    000002 000001 5.000e-01      0      0      0      1      0
4852   154    000001 000000 5.000e-01      0      0      0      0      0
4853   4852   000001 000000 5.000e-01      0      0      0      0      0
349    152    000031 000020 5.000e-01      2      1      0      2     15
350    349    000030 000010 5.000e-01      1      1      0      4      4
351    350    000021 000006 5.000e-01      1      4      0      0      1
352    351    000012 000000 5.000e-01      0      0      0      0      0
702    351    000009 000001 5.000e-01      0      1      0      0      0
468    350    000009 000004 5.000e-01      2      0      2      0      0
469    468    000008 000005 5.000e-01      0      0      1      4      0
951    468    000001 000000 5.000e-01      0      0      0      0      0
4229   349    000001 000000 5.000e-01      0      0      0      0      0
4230   4229   000001 000000 5.000e-01      0      0      0      0      0
4231   4230   000001 000000 5.000e-01      0      0      0      0      0
605    152    000011 000014 5.000e-01      0      0      0     13      1
606    605    000011 000007 5.000e-01      0      0      1      3      3
607    606    000004 000000 5.000e-01      0      0      0      0      0
608    607    000002 000000 5.000e-01      0      0      0      0      0
1969   607    000001 000000 5.000e-01      0      0      0      0      0
2489   607    000001 000000 5.000e-01      0      0      0      0      0
670    606    000003 000001 5.000e-01      0      0      0      1      0
671    670    000003 000000 5.000e-01      0      0      0      0      0
1548   606    000002 000000 5.000e-01      0      0      0      0      0
1549   1548   000002 000003 5.000e-01      2      0      0      0      1
1984   606    000001 000001 5.000e-01      0      0      0      1      0
1985   1984   000001 000003 5.000e-01      0      0      0      0      3
4325   606    000001 000000 5.000e-01      0      0      0      0      0
4326   4325   000001 000000 5.000e-01      0      0      0      0      0
861    49     000011 000028 5.000e-01     20      1      1      2      4
862    861    000009 000003 5.000e-01      0      0      3      0      0
863    862    000006 000003 5.000e-01      0      0      1      0      2
864    863    000002 000000 5.000e-01      0      0      0      0      0
865    864    000002 000000 5.000e-01      0      0      0      0      0
1230   863    000004 000000 5.000e-01      0      0      0      0      0
1231   1230   000003 000000 5.000e-01      0      0      0      0      0
1888   1230   000001 000001 5.000e-01      0      0      0      0      1
1564   862    000003 000001 5.000e-01      0      0      0      0      1
1565   1564   000002 000000 5.000e-01      0      0      0      0      0
1566   1565   000002 000001 5.000e-01      0      0      1      0      0
1836   1564   000001 000000 5.000e-01      0      0      0      0      0
1837   1836   000001 000002 5.000e-01      0      1      0      0      1
2385   861    000001 000001 5.000e-01      0      1      0      0      0
2386   2385   000001 000000 5.000e-01      0      0      0      0      0
2387   2386   000001 000000 5.000e-01      0      0      0      0      0
2388   2387   000001 000000 5.000e-01      0      0      0      0      0
4307   861    000001 000000 5.000e-01      0      0      0      0      0
4308   4307   000001 000000 5.000e-01      0      0      0      0      0
4309   4308   000001 000000 5.000e-01      0      0      0      0      0
4310   4309   000001 000000 5.000e-01      0      0      0      0      0
907    49     000007 000018 5.000e-01      5      7      3      2      1
908    907    000004 000007 5.000e-01      0      1      1      5      0
909    908    000002 000000 5.000e-01      0      0      0      0      0
910    909    000002 000001 5.000e-01      0      0      0      1      0
911    910    000001 000000 5.000e-01      0      0      0      0      0
3404   910    000001 000000 5.000e-01      0      0      0      0      0
2536   908    000002 000000 5.000e-01      0      0      0      0      0
2537   2536   000002 000000 5.000e-01      0      0      0      0      0
2538   2537   000002 000001 5.000e-01      0      0      1      0      0
3180   907    000003 000004 5.000e-01      0      0      1      1      2
3181   3180   000001 000002 5.000e-01      0      0      1      1      0
3182   3181   000001 000000 5.000e-01      0      0      0      0      0
3183   3182   000001 000000 5.000e-01      0      0      0      0      0
4120   3180   000002 000001 5.000e-01      0      0      0      0      1
4121   4120   000002 000000 5.000e-01      0      0      0      0      0
4122   4121   000002 000000 5.000e-01      0      0      0      0      0
1138   49     000004 000008 5.000e-01      3      4      1      0      0
1139   1138   000004 000002 5.000e-01      1      0      1      0      0
1140   1139   000002 000000 5.000e-01      0      0      0      0      0
1141   1140   000001 000001 5.000e-01      0      1      0      0      0
1142   1141   000001 000000 5.000e-01      0      0      0      0      0
4348   1140   000001 000000 5.000e-01      0      0      0      0      0
4349   4348   000001 000000 5.000e-01      0      0      0      0      0
1246   1139   000001 000000 5.000e-01      0      0      0      0      0
1247   1246   000001 000001 5.000e-01      1      0      0      0      0
1248   1247   000001 000000 5.000e-01      0      0      0      0      0
3170   1139   000001 000000 5.000e-01      0      0      0      0      0
3171   3170   000001 000000 5.000e-01      0      0      0      0      0
3172   3171   000001 000000 5.000e-01      0      0      0      0      0
1869   49     000001 000002 5.000e-01      0      2      0      0      0
1870   1869   000001 000001 5.000e-01      1      0      0      0      0
1871   1870   000001 000000 5.000e-01      0      0      0      0      0
1872   1871   000001 000000 5.000e-01      0      0      0      0      0
1873   1872   000001 000000 5.000e-01      0      0      0      0      0
223    1      000009 000029 5.000e-01      2      0      2     22      3
224    223    000007 000013 5.000e-01      3      2      4      2      2
225    224    000005 000009 5.000e-01      2      4      1      2      0
226    225    000004 000001 5.000e-01      0      1      0      0      0
227    226    000003 000000 5.000e-01      0      0      0      0      0
228    227    000002 000000 5.000e-01      0      0      0      0      0
4503   227    000001 000000 5.000e-01      0      0      0      0      0
3388   226    000001 000000 5.000e-01      0      0      0      0      0
3389   3388   000001 000000 5.000e-01      0      0      0      0      0
4262   225    000001 000001 5.000e-01      0      0      0      1      0
4263   4262   000001 000000 5.000e-01      0      0      0      0      0
4264   4263   000001 000001 5.000e-01      0      1      0      0      0
1106   224    000002 000002 5.000e-01      0      0      0      2      0
1107   1106   000001 000000 5.000e-01      0      0      0      0      0
1108   1107   000001 000000 5.000e-01      0      0      0      0      0
1109   1108   000001 000000 5.000e-01      0      0      0      0      0
4079   1106   000001 000001 5.000e-01      0      0      1      0      0
4080   4079   000001 000000 5.000e-01      0      0      0      0      0
4081   4080   000001 000000 5.000e-01      0      0      0      0      0
975    223    000001 000000 5.000e-01      0      0      0      0      0
976    975    000001 000001 5.000e-01      0      0      1      0      0
977    976    000001 000001 5.000e-01      0      0      0      1      0
978    977    000001 000000 5.000e-01      0      0      0      0      0
979    978    000001 000000 5.000e-01      0      0      0      0      0
2297   223    000001 000002 5.000e-01      0      2      0      0      0
2298   2297   000001 000003 5.000e-01      0      2      0      1      0
2299   2298   000001 000000 5.000e-01      0      0      0      0      0
2300   2299   000001 000001 5.000e-01      0      1      0      0      0
2301   2300   000001 000000 5.000e-01      0      0      0      0      0
657    1      000050 000153 5.000e-01      0     79      2     38     34
658    657    000025 000038 5.000e-01      2      1     25      0     10
659    658    000012 000005 5.000e-01      1      2      2      0      0
660    659    000011 000007 5.000e-01      1      0      3      2      1
661    660    000003 000001 5.000e-01      0      0      0      1      0
662    661    000001 000000 5.000e-01      0      0      0      0      0
3765   661    000002 000000 5.000e-01      0      0      0      0      0
1919   660    000008 000003 5.000e-01      0      3      0      0      0
1920   1919   000007 000001 5.000e-01      0      0      0      1      0
4738   1919   000001 000000 5.000e-01      0      0      0      0      0
3104   659    000001 000000 5.000e-01      0      0      0      0      0
3105   3104   000001 000000 5.000e-01      0      0      0      0      0
3106   3105   000001 000000 5.000e-01      0      0      0      0      0
896    658    000002 000001 5.000e-01      0      0      1      0      0
897    896    000002 000001 5.000e-01      0      0      0      0      1
898    897    000001 000000 5.000e-01      0      0      0      0      0
899    898    000001 000000 5.000e-01      0      0      0      0      0
2748   897    000001 000000 5.000e-01      0      0      0      0      0
2749   2748   000001 000000 5.000e-01      0      0      0      0      0
1635   658    000005 000003 5.000e-01      0      0      0      1      2
1636   1635   000004 000000 5.000e-01      0      0      0      0      0
1637   1636   000004 000000 5.000e-01      0      0      0      0      0
1638   1637   000004 000000 5.000e-01      0      0      0      0      0
4691   1635   000001 000000 5.000e-01      0      0      0      0      0
4692   4691   000001 000000 5.000e-01      0      0      0      0      0
4693   4692   000001 000000 5.000e-01      0      0      0      0      0
2323   658    000004 000009 5.000e-01      1      0      1      6      1
2324   2323   000004 000002 5.000e-01      0      0      0      2      0
2325   2324   000004 000000 5.000e-01      0      0      0      0      0
2326   2325   000003 000000 5.000e-01      0      0      0      0      0
3936   2325   000001 000000 5.000e-01      0      0      0      0      0
3690   658    000002 000001 5.000e-01      0      0      1      0      0
3691   3690   000001 000000 5.000e-01      0      0      0      0      0
3692   3691   000001 000000 5.000e-01      0      0      0      0      0
3693   3692   000001 000000 5.000e-01      0      0      0      0      0
4929   3690   000001 000000 5.000e-01      0      0      0      0      0
4930   4929   000001 000000 5.000e-01      0      0      0      0      0
4931   4930   000001 000000 5.000e-01      0      0      0      0      0
1726   657    000025 000049 5.000e-01      1      6     13     20      9
1727   1726   000024 000021 5.000e-01      9      3      3      3      3
1728   1727   000024 000009 5.000e-01      0      2      1      3      3
1729   1728   000014 000001 5.000e-01      0      0      0      0      1
1730   1729   000014 000001 5.000e-01      0      0      0      1      0
2170   1728   000001 000000 5.000e-01      0      0      0      0      0
2171   2170   000001 000000 5.000e-01      0      0      0      0      0
2431   1728   000004 000001 5.000e-01      0      1      0      0      0
2432   2431   000003 000003 5.000e-01      0      1      0      2      0
3539   2431   000001 000000 5.000e-01      0      0      0      0      0
2723   1728   000002 000000 5.000e-01      0      0      0      0      0
2724   2723   000001 000000 5.000e-01      0      0      0      0      0
4771   2723   000001 000000 5.000e-01      0      0      0      0      0
4701   1728   000003 000000 5.000e-01      0      0      0      0      0
4702   4701   000003 000000 5.000e-01      0      0      0      0      0
4642   1726   000001 000002 5.000e-01      0      0      0      2      0
4643   4642   000001 000001 5.000e-01      0      0      0      0      1
4644   4643   000001 000001 5.000e-01      0      0      0      1      0
4645   4644   000001 000000 5.000e-01      0      0      0      0      0
689    1      000033 000121 5.000e-01     38     21      2     54      6
690    689    000011 000021 5.000e-01      1      2      4      7      7
691    690    000011 000013 5.000e-01      7      0      5      1      0
692    691    000009 000006 5.000e-01      0      1      2      1      2
693    692    000004 000003 5.000e-01      0      1      1      1      0
694    693    000003 000000 5.000e-01      0      0      0      0      0
4807   693    000001 000000 5.000e-01      0      0      0      0      0
1747   692    000005 000002 5.000e-01      1      0      0      1      0
1748   1747   000001 000000 5.000e-01      0      0      0      0      0
2778   1747   000002 000002 5.000e-01      0      0      0      1      1
3868   1747   000002 000001 5.000e-01      0      0      1      0      0
1845   691    000002 000002 5.000e-01      0      0      2      0      0
1846   1845   000002 000000 5.000e-01      0      0      0      0      0
1847   1846   000002 000000 5.000e-01      0      0      0      0      0
2908   689    000005 000014 5.000e-01      3      8      0      3      0
2909   2908   000005 000004 5.000e-01      0      4      0      0      0
2910   2909   000005 000001 5.000e-01      0      0      0      1      0
2911   2910   000005 000002 5.000e-01      0      0      1      0      1
2912   2911   000002 000000 5.000e-01      0      0      0      0      0
3482   2911   000001 000000 5.000e-01      0      0      0      0      0
3675   2911   000002 000000 5.000e-01      0      0      0      0      0
2962   689    000007 000018 5.000e-01      0      2      5     10      1
2963   2962   000004 000005 5.000e-01      1      0      0      0      4
2964   2963   000004 000005 5.000e-01      1      1      1      0      2
2965   2964   000004 000000 5.000e-01      0      0      0      0      0
2966   2965   000004 000002 5.000e-01      0      0      2      0      0
3230   2962   000002 000000 5.000e-01      0      0      0      0      0
3231   3230   000001 000000 5.000e-01      0      0      0      0      0
3232   3231   000001 000000 5.000e-01      0      0      0      0      0
3233   3232   000001 000000 5.000e-01      0      0      0      0      0
3582   3230   000001 000000 5.000e-01      0      0      0      0      0
3583   3582   000001 000000 5.000e-01      0      0      0      0      0
3584   3583   000001 000000 5.000e-01      0      0      0      0      0
3571   2962   000001 000002 5.000e-01      0      1      0      0      1
3572   3571   000001 000001 5.000e-01      0      0      1      0      0
3573   3572   000001 000000 5.000e-01      0      0      0      0      0
3574   3573   000001 000000 5.000e-01      0      0      0      0      0
3355   689    000002 000004 5.000e-01      0      0      0      2      2
3356   3355   000002 000006 5.000e-01      0      2      1      0      3
3357   3356   000002 000001 5.000e-01      1      0      0      0      0
3358   3357   000001 000001 5.000e-01      0      0      0      0      1
3359   3358   000001 000000 5.000e-01      0      0      0      0      0
3965   3357   000001 000001 5.000e-01      1      0      0      0      0
3966   3965   000001 000000 5.000e-01      0      0      0      0      0
3642   689    000007 000025 5.000e-01      1      8      4      9      3
3643   3642   000005 000008 5.000e-01      1      1      1      0      5
3644   3643   000004 000000 5.000e-01      0      0      0      0      0
3645   3644   000003 000000 5.000e-01      0      0      0      0      0
3646   3645   000002 000000 5.000e-01      0      0      0      0      0
4207   3645   000001 000000 5.000e-01      0      0      0      0      0
4541   3644   000001 000000 5.000e-01      0      0      0      0      0
4542   4541   000001 000001 5.000e-01      0      0      0      0      1
4486   3643   000001 000003 5.000e-01      1      2      0      0      0
4487   4486   000001 000003 5.000e-01      1      0      1      0      1
4488   4487   000001 000000 5.000e-01      0      0      0      0      0
3787   3642   000001 000000 5.000e-01      0      0      0      0      0
3788   3787   000001 000000 5.000e-01      0      0      0      0      0
3789   3788   000001 000000 5.000e-01      0      0      0      0      0
3790   3789   000001 000000 5.000e-01      0      0      0      0      0
4760   3642   000001 000000 5.000e-01      0      0      0      0      0
4761   4760   000001 000000 5.000e-01      0      0      0      0      0
4762   4761   000001 000002 5.000e-01      0      1      0      1      0
4763   4762   000001 000002 5.000e-01      2      0      0      0      0
4939   689    000001 000003 5.000e-01      0      0      0      3      0
4940   4939   000001 000007 5.000e-01      3      0      0      3      1
4941   4940   000001 000000 5.000e-01      0      0      0      0      0
4942   4941   000001 000001 5.000e-01      0      0      0      0      1
4943   4942   000001 000001 5.000e-01      1      0      0      0      0
1189   1      000035 000144 5.000e-01     14     39     17     69      5
1190   1189   000028 000051 5.000e-01      7     18      4     21      1
1191   1190   000018 000025 5.000e-01      9      1      4      0     11
1192   1191   000015 000011 5.000e-01      0      2      4      2      3
1193   1192   000010 000002 5.000e-01      2      0      0      0      0
1194   1193   000001 000001 5.000e-01      0      0      1      0      0
1605   1193   000009 000005 5.000e-01      0      1      0      4      0
2028   1192   000005 000001 5.000e-01      0      0      0      1      0
2029   2028   000004 000000 5.000e-01      0      0      0      0      0
2141   2028   000001 000000 5.000e-01      0      0      0      0      0
2235   1191   000003 000001 5.000e-01      0      1      0      0      0
2236   2235   000003 000000 5.000e-01      0      0      0      0      0
2237   2236   000002 000000 5.000e-01      0      0      0      0      0
2807   2236   000001 000000 5.000e-01      0      0      0      0      0
1301   1190   000005 000007 5.000e-01      2      1      0      0      4
1302   1301   000005 000005 5.000e-01      1      0      0      4      0
1303   1302   000004 000004 5.000e-01      0      0      0      4      0
1304   1303   000004 000001 5.000e-01      1      0      0      0      0
2037   1302   000001 000000 5.000e-01      0      0      0      0      0
2038   2037   000001 000000 5.000e-01      0      0      0      0      0
1675   1190   000005 000003 5.000e-01      2      0      0      1      0
1676   1675   000003 000002 5.000e-01      0      0      0      0      2
1677   1676   000002 000000 5.000e-01      0      0      0      0      0
1678   1677   000002 000001 5.000e-01      0      0      1      0      0
4357   1676   000001 000000 5.000e-01      0      0      0      0      0
4358   4357   000001 000000 5.000e-01      0      0      0      0      0
1928   1675   000001 000000 5.000e-01      0      0      0      0      0
1929   1928   000001 000000 5.000e-01      0      0      0      0      0
1930   1929   000001 000000 5.000e-01      0      0      0      0      0
2273   1675   000001 000001 5.000e-01      0      0      0      1      0
2274   2273   000001 000000 5.000e-01      0      0      0      0      0
2275   2274   000001 000000 5.000e-01      0      0      0      0      0
2572   1189   000002 000001 5.000e-01      0      0      0      1      0
2573   2572   000001 000001 5.000e-01      0      0      0      1      0
2574   2573   000001 000000 5.000e-01      0      0      0      0      0
2575   2574   000001 000000 5.000e-01      0      0      0      0      0
2576   2575   000001 000000 5.000e-01      0      0      0      0      0
2632   2572   000001 000000 5.000e-01      0      0      0      0      0
2633   2632   000001 000000 5.000e-01      0      0      0      0      0
2634   2633   000001 000000 5.000e-01      0      0      0      0      0
2635   2634   000001 000001 5.000e-01      1      0      0      0      0
4004   1189   000005 000013 5.000e-01      4      4      1      3      1
4005   4004   000005 000015 5.000e-01      2      1      2      9      1
4006   4005   000005 000004 5.000e-01      0      1      0      3      0
4007   4006   000001 000000 5.000e-01      0      0      0      0      0
4008   4007   000001 000000 5.000e-01      0      0      0      0      0
4253   4006   000003 000000 5.000e-01      0      0      0      0      0
4254   4253   000001 000000 5.000e-01      0      0      0      0      0
4592   4253   000002 000001 5.000e-01      0      0      1      0      0
4829   4006   000001 000000 5.000e-01      0      0      0      0      0
4830   4829   000001 000001 5.000e-01      0      0      0      0      1
3440   0      000001 000011 5.000e-01     10      0      0      1      0
3441   3440   000001 000010 5.000e-01      0      7      1      2      0
3442   3441   000001 000002 5.000e-01      0      0      0      2      0
3443   3442   000001 000000 5.000e-01      0      0      0      0      0
3444   3443   000001 000000 5.000e-01      0      0      0      0      0
3445   3444   000001 000000 5.000e-01      0      0      0      0      0
3446   3445   000001 000000 5.000e-01      0      0      0      0      0
